0.114688 0.246638 0.1227044 0.07079099999999999 0.0114688 0.0518252 0.055958600000000004 0.055958600000000004 0.0594944 0.0505764 0.0687684 0.0 0.0 0.0 0.0 0.0
0.2625468 0.3324321 0.022112999999999997 0.162162 0.03194 0.036855 0.036855 0.036855 0.044716000000000006 0.053808299999999996 0.0 0.0 0.0 0.0 0.0 0.0
0.24973599999999999 0.6316946999999999 0.0604422 0.567567 0.02945 0.036855 0.036855 0.036855 0.012369 0.0 0.0 0.0 0.0 0.0 0.0 0.0
0.058655399999999996 0.014742 0.46068749999999997 0.0206388 0.033710000000000004 0.036855 0.036855 0.036855 0.0 0.0 0.0 0.0 0.0 0.0 0.0 0.0
0.10035200000000001 0.062439999999999996 0.06742000000000001 0.06742000000000001 0.1741824 0.26849199999999995 0.3849682 0.3849682 0.0745472 0.06306439999999999 0.0862976 0.033710000000000004 0.0229376 0.0 0.0 0.0
0.1597 0.036855 0.036855 0.036855 0.2791556 0.3324321 0.022112999999999997 0.162162 0.0562144 0.0670761 0.022112999999999997 0.022112999999999997 0.0 0.0 0.0 0.0
0.14725 0.036855 0.036855 0.036855 0.20673899999999998 0.6316946999999999 0.0604422 0.567567 0.015313999999999998 0.022112999999999997 0.0 0.022112999999999997 0.0 0.0 0.0 0.0
0.16855 0.036855 0.036855 0.036855 0.2366442 0.014742 0.46068749999999997 0.0206388 0.0 0.022112999999999997 0.022112999999999997 0.022112999999999997 0.0 0.0 0.0 0.0
0.015052800000000002 0.031219999999999998 0.033710000000000004 0.033710000000000004 0.0050176 0.031219999999999998 0.033710000000000004 0.033710000000000004 0.08314880000000001 0.0518252 0.0424746 0.07079099999999999 0.0336896 0.018732 0.020226 0.020226
0.0 0.07518419999999999 0.0 0.0 0.0 0.0250614 0.022112999999999997 0.022112999999999997 0.290654 0.26609309999999997 0.022112999999999997 0.162162 0.019164 0.007371 0.007371 0.007371
0.099541 0.0 0.0125307 0.0 0.032984 0.022112999999999997 0.0044226 0.022112999999999997 0.186713 0.6316946999999999 0.029484 0.567567 0.017669999999999998 0.007371 0.007371 0.007371
0.0 0.0 0.0 0.0 0.020226 0.022112999999999997 0.022112999999999997 0.022112999999999997 0.084275 0.014742 0.46068749999999997 0.014742 0.020226 0.007371 0.007371 0.007371
0.0 0.0 0.0 0.0 0.0 0.0 0.0 0.0 0.008601600000000001 0.0062439999999999996 0.006742000000000001 0.006742000000000001 0.0186368 0.090538 0.06742000000000001 0.06742000000000001
0.06388 0.0 0.0 0.0 0.06388 0.0 0.0 0.0 0.06388 0.022112999999999997 0.022112999999999997 0.022112999999999997 0.06388 0.058968 0.07371 0.058968
0.0 0.0 0.0 0.0 0.0 0.0 0.0 0.0 0.017669999999999998 0.022112999999999997 0.022112999999999997 0.022112999999999997 0.0589 0.036855 0.036855 0.036855
0.0 0.0 0.0 0.0 0.0 0.0 0.0 0.0 0.020226 0.022112999999999997 0.022112999999999997 0.022112999999999997 0.06742000000000001 0.036855 0.036855 0.022112999999999997
